1234 78856 433 9436 798 412654 44 956 962 2855 754 13499455572 65322 89 345 82 52435 6855391 49696 6188 7999 34567899 8675 29 324915 4756 1467 39 9997371 96152 7779 235 7444 1336 93135 79612 1669 2435 74 1111 6986435 76766712 944436 59 947654321 7777 14455 949494946 23 43565 6646 369 22963714116 5124672 216 763 84321 17 79 4556999 3111 88999 191 736 69 68 597666 54243888 97 999 61 545 64999 84 225557777 3264 4685 3955321444 3557899 6733333 34522196 155556
0 1 1 1 1 0 1 1 1 1 1 0 1 1 1
1 1 1 1 0 1 1 1 0 1 1 1 1 1 1
1 1 0 1 1 1 0 1 1 1 0 1 1 1 1
1 1 1 0 1 1 1 1 1 1 1 1 1 1 1
1 1 1 1 1 0 1 1 0 1 1 1 0 1 1
1 0 1 1 1 1 1 0 1 1 1 1 1 1 1
1 1 1 1 1 0 1 1 1 1 0 1 1 1 1
1 1 1 1 1 1 1 1 0 1 1 1 1 0 1
1 1 0 1 1 1 1 1 1 0 1 1 1 1 0
1 1 1 1 0 1 1 0 1 1 1 1 1 1 1
0 1 1 1 1 1 0 1 1 1 1 0 1 1 1
1 1 1 1 0 1 1 1 1 0 1 1 1 1 1
1 1 1 1 1 0 1 1 1 1 0 1 1 1 1
1 1 0 1 1 1 1 0 1 1 1 1 1 1 1
1 1 1 1 1 1 1 1 0 1 1 1 1 1 1
